push
sphere
92 414 -114 25
sphere
368 129 -374 25
sphere
424 268 -147 25
sphere
393 469 -202 25
sphere
479 194 -408 25
sphere
262 386 -88 25
sphere
24 79 -259 25
sphere
115 456 -99 25
sphere
345 280 -6 25
sphere
65 224 -311 25
sphere
341 444 -221 25
sphere
5 393 -335 25
sphere
499 98 -482 25
sphere
216 80 -325 25
sphere
292 446 -15 25
sphere
106 240 -31 25
sphere
252 285 -496 25
sphere
81 32 -435 25
sphere
368 428 -55 25
sphere
437 53 -248 25
sphere
150 497 -161 25
sphere
60 322 -384 25
sphere
218 294 -446 25
sphere
397 354 -318 25
sphere
485 99 -32 25
sphere
5 288 -52 25
sphere
27 206 -218 25
sphere
468 309 -462 25
sphere
249 204 -476 25
sphere
250 438 -363 25
sphere
380 208 -459 25
sphere
188 208 -204 25
sphere
265 425 -137 25
sphere
404 63 -196 25
sphere
296 281 -294 25
sphere
19 480 -289 25
sphere
485 288 -70 25
sphere
48 367 -133 25
sphere
55 206 -487 25
sphere
176 29 -326 25
sphere
413 390 -246 25
sphere
16 295 -168 25
sphere
82 54 -340 25
sphere
240 478 -376 25
sphere
351 188 -186 25
sphere
138 291 -398 25
sphere
86 8 -117 25
sphere
77 244 -193 25
sphere
117 279 -3 25
sphere
143 402 -45 25
sphere
367 429 -387 25
sphere
418 143 -499 25
sphere
231 293 -304 25
sphere
157 287 -243 25
sphere
253 97 -497 25
sphere
423 41 -450 25
sphere
461 286 -306 25
sphere
463 231 -30 25
sphere
115 377 -365 25
sphere
385 442 -267 25
sphere
333 73 -394 25
sphere
195 105 -475 25
sphere
384 25 -313 25
sphere
242 261 -111 25
sphere
358 206 -8 25
sphere
266 222 -10 25
sphere
165 141 -316 25
sphere
390 439 -439 25
sphere
309 124 -389 25
sphere
105 49 -3 25
sphere
353 398 -488 25
sphere
450 454 -181 25
sphere
440 499 -498 25
sphere
141 370 -430 25
sphere
470 306 -115 25
sphere
226 421 -94 25
sphere
228 142 -493 25
sphere
455 319 -205 25
sphere
174 201 -443 25
sphere
340 117 -102 25
sphere
435 194 -465 25
sphere
152 382 -233 25
sphere
51 43 -377 25
sphere
488 134 -500 25
sphere
351 356 -267 25
sphere
176 142 -376 25
sphere
388 153 -311 25
sphere
362 364 -340 25
sphere
477 180 -53 25
sphere
350 266 -300 25
sphere
76 443 -439 25
sphere
294 138 -210 25
sphere
464 323 -393 25
sphere
64 213 -349 25
sphere
2 193 -475 25
sphere
289 1 -106 25
sphere
499 268 -339 25
sphere
479 241 -220 25
sphere
378 445 -10 25
sphere
317 191 -42 25
sphere
208 456 -332 25
sphere
478 438 -491 25
sphere
53 404 -163 25
sphere
339 295 -400 25
sphere
76 260 -275 25
sphere
217 335 -292 25
sphere
314 343 -6 25
sphere
491 15 -66 25
sphere
149 418 -470 25
sphere
12 461 -420 25
sphere
415 397 -123 25
sphere
410 324 -136 25
sphere
194 133 -429 25
sphere
97 368 -320 25
sphere
188 105 -118 25
sphere
55 487 -145 25
sphere
381 113 -58 25
sphere
375 487 -348 25
sphere
425 143 -84 25
sphere
264 320 -370 25
sphere
57 488 -13 25
sphere
496 3 -102 25
sphere
490 189 -136 25
sphere
198 183 -73 25
sphere
168 151 -232 25
sphere
122 470 -23 25
sphere
158 82 -230 25
sphere
161 53 -103 25
sphere
183 375 -102 25
sphere
60 401 -466 25
sphere
479 453 -5 25
sphere
205 397 -211 25
sphere
180 495 -19 25
sphere
473 41 -383 25
sphere
441 2 -418 25
sphere
495 402 -264 25
sphere
46 378 -247 25
sphere
359 402 -90 25
sphere
224 361 -390 25
sphere
267 90 -192 25
sphere
339 98 -2 25
sphere
298 276 -70 25
sphere
413 345 -206 25
sphere
306 438 -136 25
sphere
252 97 -33 25
sphere
212 131 -318 25
sphere
426 44 -389 25
sphere
76 327 -154 25
sphere
146 13 -14 25
sphere
230 300 -247 25
sphere
266 419 -407 25
sphere
170 155 -157 25
sphere
164 449 -366 25
sphere
230 481 -102 25
sphere
127 3 -495 25
sphere
424 248 -16 25
sphere
327 485 -188 25
sphere
61 70 -15 25
sphere
457 167 -268 25
sphere
301 338 -45 25
sphere
177 364 -394 25
sphere
180 71 -301 25
sphere
9 286 -271 25
sphere
329 184 -492 25
sphere
45 179 -168 25
sphere
221 425 -406 25
sphere
33 218 -159 25
sphere
66 150 -456 25
sphere
10 423 -394 25
sphere
374 35 -248 25
sphere
226 58 -37 25
sphere
30 382 0 25
sphere
473 121 -314 25
sphere
483 277 -257 25
sphere
319 12 -285 25
sphere
92 108 -290 25
sphere
117 144 -357 25
sphere
434 276 -83 25
sphere
256 173 -357 25
sphere
182 497 -122 25
sphere
285 393 -465 25
sphere
90 254 -449 25
sphere
408 200 -8 25
sphere
257 262 -370 25
sphere
9 400 -484 25
sphere
73 260 -368 25
sphere
77 355 -11 25
sphere
360 241 -189 25
sphere
361 40 -470 25
sphere
294 365 -286 25
sphere
198 90 -406 25
sphere
4 5 -169 25
sphere
40 456 -180 25
sphere
293 162 -247 25
sphere
431 166 -333 25
sphere
215 59 -214 25
sphere
248 135 -7 25
sphere
396 92 -242 25
sphere
418 232 -418 25
sphere
267 91 -96 25
sphere
395 270 -455 25
sphere
279 415 -304 25
sphere
337 210 -120 25
sphere
209 171 -163 25
sphere
269 254 -173 25
sphere
291 362 -355 25
sphere
261 64 -287 25
sphere
161 153 -473 25
sphere
19 215 -428 25
sphere
231 4 -329 25
sphere
121 279 -43 25
sphere
350 153 -206 25
sphere
303 9 -387 25
sphere
129 460 -311 25
sphere
149 7 -419 25
sphere
466 183 -364 25
sphere
148 81 -356 25
sphere
180 439 -270 25
sphere
261 459 -294 25
sphere
29 137 -92 25
sphere
235 206 -238 25
sphere
180 361 -54 25
sphere
143 254 -457 25
sphere
443 291 -22 25
sphere
425 33 -290 25
sphere
195 11 -126 25
sphere
485 401 -473 25
sphere
10 479 -496 25
sphere
266 117 -424 25
sphere
395 274 -265 25
sphere
290 274 -425 25
sphere
72 181 -225 25
sphere
73 409 -14 25
sphere
149 34 -243 25
sphere
150 17 -177 25
sphere
55 226 -413 25
sphere
192 41 -258 25
sphere
11 64 -344 25
sphere
68 74 -412 25
sphere
127 316 -89 25
sphere
388 306 -221 25
sphere
146 222 -353 25
sphere
417 152 -39 25
sphere
470 231 -328 25
sphere
238 344 -63 25
sphere
234 239 -485 25
sphere
159 213 -23 25
sphere
98 115 -497 25
sphere
416 480 -409 25
sphere
125 72 -484 25
sphere
28 96 -399 25
sphere
332 329 -151 25
sphere
269 8 -344 25
sphere
151 59 -394 25
sphere
56 15 -275 25
sphere
417 78 -89 25
sphere
465 187 -100 25
sphere
340 208 -405 25
sphere
258 162 -402 25
sphere
158 228 -93 25
sphere
453 107 -279 25
sphere
126 462 -192 25
sphere
330 481 -41 25
sphere
412 386 -185 25
sphere
476 159 -312 25
sphere
76 6 -372 25
sphere
441 22 -488 25
sphere
194 215 -249 25
sphere
155 361 -195 25
sphere
249 92 -134 25
sphere
444 58 -187 25
sphere
96 397 -439 25
sphere
222 466 -273 25
sphere
60 475 -220 25
sphere
157 429 -96 25
sphere
233 364 -127 25
sphere
315 238 -295 25
sphere
210 322 -107 25
sphere
314 86 -478 25
sphere
328 335 -413 25
sphere
487 352 -319 25
sphere
250 34 -82 25
sphere
434 42 -130 25
sphere
450 492 -462 25
sphere
117 218 -129 25
sphere
221 485 -19 25
sphere
158 320 -154 25
sphere
468 121 -426 25
sphere
269 52 -412 25
sphere
109 479 -384 25
sphere
299 209 -452 25
sphere
370 62 -73 25
sphere
442 192 -154 25
sphere
432 420 -86 25
sphere
221 254 -361 25
sphere
12 218 -9 25
sphere
415 87 -496 25
sphere
204 142 -37 25
sphere
238 126 -268 25
sphere
242 207 -157 25
sphere
93 380 -231 25
sphere
240 284 -21 25
sphere
4 351 -181 25
sphere
415 480 -138 25
sphere
333 78 -73 25
sphere
385 100 -323 25
sphere
498 91 -185 25
sphere
272 483 -423 25
sphere
275 325 -455 25
sphere
119 178 -210 25
sphere
410 202 -383 25
sphere
393 318 -267 25
sphere
93 499 -441 25
sphere
387 174 -217 25
sphere
15 190 -292 25
sphere
212 301 -353 25
sphere
405 393 0 25
sphere
183 251 -273 25
sphere
373 270 -347 25
sphere
84 271 -130 25
sphere
6 36 -494 25
sphere
350 302 -477 25
sphere
55 379 -79 25
sphere
21 414 -237 25
sphere
385 210 -266 25
sphere
286 325 -231 25
sphere
299 287 -220 25
sphere
365 360 -98 25
sphere
30 231 -97 25
sphere
331 250 -126 25
sphere
458 445 -412 25
sphere
44 146 -54 25
sphere
301 435 -247 25
sphere
395 229 -71 25
sphere
296 455 -488 25
sphere
93 160 -64 25
sphere
126 144 -284 25
sphere
55 119 -270 25
sphere
376 476 -308 25
sphere
11 106 -455 25
sphere
338 83 -435 25
sphere
184 434 -478 25
sphere
356 361 -492 25
sphere
347 171 -439 25
sphere
188 449 -8 25
sphere
349 335 -48 25
sphere
448 400 -375 25
sphere
163 366 -474 25
sphere
178 265 -414 25
sphere
335 76 -228 25
sphere
364 249 -395 25
sphere
92 130 -134 25
sphere
103 338 -448 25
sphere
424 390 -304 25
sphere
492 482 -80 25
sphere
133 458 -469 25
sphere
314 84 -356 25
sphere
145 76 -22 25
sphere
489 259 -428 25
sphere
216 307 -500 25
sphere
50 33 -74 25
sphere
453 61 -495 25
sphere
31 411 -41 25
sphere
120 411 -296 25
sphere
124 143 -5 25
sphere
491 481 -166 25
sphere
23 453 -18 25
sphere
112 103 -376 25
sphere
399 127 -455 25
sphere
287 429 -368 25
sphere
201 60 -142 25
sphere
407 347 -18 25
sphere
131 119 -143 25
sphere
456 10 -12 25
sphere
383 2 -120 25
sphere
444 489 -202 25
sphere
74 321 -255 25
sphere
204 341 -226 25
sphere
29 335 -69 25
sphere
488 38 -207 25
sphere
120 180 -145 25
sphere
473 412 -85 25
sphere
369 491 -496 25
sphere
54 378 -431 25
sphere
479 324 -67 25
sphere
92 43 -229 25
sphere
128 135 -42 25
sphere
402 399 -440 25
sphere
472 287 -166 25
sphere
99 41 -297 25
sphere
117 30 -54 25
sphere
494 404 -137 25
sphere
32 438 -359 25
sphere
165 283 -104 25
sphere
186 383 -434 25
sphere
164 370 -296 25
sphere
98 101 -87 25
sphere
49 303 -474 25
sphere
71 111 -332 25
sphere
251 370 -227 25
sphere
203 24 -389 25
sphere
351 495 -150 25
sphere
246 254 -319 25
sphere
304 141 -112 25
sphere
89 329 -316 25
sphere
126 416 -333 25
sphere
85 152 -399 25
sphere
491 389 -198 25
sphere
396 221 -321 25
sphere
141 229 -182 25
sphere
160 315 -37 25
sphere
438 348 -80 25
sphere
374 365 -393 25
sphere
212 341 -461 25
sphere
351 309 -203 25
sphere
177 304 -366 25
sphere
68 444 -402 25
sphere
390 409 -487 25
sphere
258 132 -54 25
sphere
110 331 -355 25
sphere
295 34 -199 25
sphere
457 181 -227 25
sphere
362 419 -186 25
sphere
358 9 -13 25
sphere
409 124 -373 25
sphere
224 118 -91 25
sphere
428 464 -100 25
sphere
32 31 -234 25
sphere
18 473 -132 25
sphere
487 217 -481 25
sphere
38 264 -482 25
sphere
201 113 -275 25
sphere
343 243 -474 25
sphere
40 478 -328 25
sphere
238 265 -68 25
sphere
48 199 -23 25
sphere
222 496 -320 25
sphere
239 489 -143 25
sphere
228 13 -480 25
sphere
259 72 -241 25
sphere
77 492 -264 25
sphere
35 23 -453 25
sphere
447 84 -334 25
sphere
446 21 -82 25
sphere
130 441 -246 25
sphere
423 225 -216 25
sphere
123 186 -13 25
sphere
108 215 -300 25
sphere
497 459 -234 25
sphere
210 256 -231 25
sphere
289 71 -145 25
sphere
292 440 -80 25
sphere
321 427 -433 25
sphere
54 43 -147 25
sphere
337 20 -205 25
sphere
238 184 -74 25
sphere
36 445 -87 25
sphere
37 103 -222 25
sphere
303 17 -26 25
sphere
72 135 -12 25
sphere
227 396 -443 25
sphere
86 289 -201 25
sphere
8 246 -239 25
sphere
153 103 -107 25
sphere
1 196 -77 25
sphere
364 482 -114 25
sphere
223 408 -4 25
sphere
366 483 0 25
sphere
201 375 -289 25
sphere
5 252 -423 25
sphere
89 48 -487 25
sphere
378 0 -176 25
sphere
226 197 -113 25
sphere
278 203 -133 25
sphere
56 82 -135 25
sphere
376 165 -88 25
sphere
383 319 -342 25
sphere
301 499 -462 25
sphere
9 39 -64 25
sphere
498 448 -384 25
sphere
162 291 -330 25
sphere
451 234 -463 25
sphere
467 357 -488 25
sphere
324 442 -329 25
sphere
219 205 -377 25
sphere
52 367 -197 25
sphere
309 268 -161 25
sphere
242 11 -22 25
sphere
437 355 -444 25
sphere
229 147 -199 25
sphere
453 405 -165 25
sphere
460 92 -110 25
sphere
304 358 -497 25
sphere
301 288 -354 25
sphere
314 376 -427 25
sphere
464 497 -337 25
sphere
9 30 -302 25
sphere
240 419 -303 25
sphere
391 16 -393 25
sphere
204 293 -20 25
sphere
288 462 -189 25
sphere
442 280 -218 25
sphere
406 422 -200 25
sphere
173 499 -85 25
sphere
406 113 -282 25
sphere
168 58 -492 25
sphere
245 307 -187 25
sphere
240 382 -287 25
sphere
347 170 -396 25
sphere
26 258 -360 25
sphere
289 289 -24 25
sphere
93 477 -299 25
sphere
21 240 -293 25
sphere
140 72 -66 25
sphere
462 221 -283 25
sphere
431 328 -250 25
sphere
49 391 -317 25
sphere
20 376 -90 25
sphere
128 272 -134 25
sphere
183 232 -497 25
sphere
377 229 -113 25
sphere
204 272 -139 25
sphere
487 492 -8 25
sphere
117 317 -261 25
sphere
40 347 -304 25
sphere
323 474 -425 25
sphere
221 424 -258 25
sphere
317 173 -302 25
sphere
404 421 -357 25
sphere
9 143 -354 25
sphere
198 240 -309 25
sphere
115 206 -408 25
sphere
394 434 -307 25
sphere
489 447 -126 25
sphere
177 212 -135 25
sphere
408 297 -16 25
sphere
383 288 -158 25
sphere
408 488 -446 25
sphere
379 347 -439 25
sphere
77 297 -35 25
sphere
328 443 -59 25
sphere
150 162 -423 25
sphere
234 339 -14 25
sphere
320 343 -95 25
sphere
464 412 -39 25
sphere
485 175 -450 25
sphere
47 191 -118 25
sphere
434 248 -375 25
sphere
304 133 -309 25
sphere
361 138 -138 25
sphere
126 82 -158 25
sphere
357 26 -352 25
sphere
85 291 -481 25
sphere
191 67 -369 25
sphere
234 91 -379 25
sphere
8 141 -287 25
sphere
225 169 -246 25
sphere
49 390 -282 25
sphere
31 82 -183 25
sphere
476 130 -76 25
sphere
136 180 -353 25
sphere
319 372 -390 25
sphere
434 12 -168 25
sphere
120 344 -39 25
sphere
293 250 -231 25
sphere
1 124 -22 25
sphere
203 12 -22 25
sphere
271 441 -442 25
sphere
370 353 -177 25
sphere
367 478 -259 25
sphere
131 11 -375 25
sphere
346 279 -261 25
sphere
142 292 -480 25
sphere
333 78 -316 25
sphere
455 82 -399 25
sphere
153 214 -393 25
sphere
367 465 -53 25
sphere
294 168 -456 25
sphere
12 216 -386 25
sphere
398 288 -495 25
sphere
68 310 -72 25
sphere
359 480 -385 25
sphere
340 211 -344 25
sphere
84 460 -496 25
sphere
209 22 -191 25
sphere
367 161 -27 25
sphere
3 143 -131 25
sphere
419 363 -493 25
sphere
397 83 -140 25
sphere
210 471 -454 25
sphere
81 223 -83 25
sphere
55 303 -436 25
sphere
288 97 -50 25
sphere
216 269 -184 25
sphere
194 191 -28 25
sphere
356 440 -133 25
sphere
106 283 -317 25
sphere
106 1 -330 25
sphere
449 490 -244 25
sphere
500 293 -1 25
sphere
437 397 -444 25
sphere
110 77 -414 25
sphere
456 294 -342 25
sphere
448 127 -210 25
sphere
139 332 -423 25
sphere
90 13 -491 25
sphere
153 89 -266 25
sphere
332 68 -192 25
sphere
1 33 -116 25
sphere
492 156 -6 25
sphere
32 483 -90 25
sphere
374 106 -19 25
sphere
374 39 -149 25
sphere
171 325 -292 25
sphere
117 497 -340 25
sphere
23 379 -386 25
sphere
188 193 -486 25
sphere
349 403 -294 25
sphere
17 76 -107 25
sphere
3 290 -484 25
sphere
168 461 -431 25
sphere
190 440 -44 25
sphere
87 197 -34 25
sphere
424 38 -346 25
sphere
454 441 -340 25
sphere
201 64 -92 25
sphere
44 1 -183 25
sphere
3 166 -227 25
sphere
178 417 -305 25
sphere
402 14 -21 25
sphere
256 419 -223 25
sphere
195 273 -69 25
sphere
487 231 -81 25
sphere
5 453 -220 25
sphere
418 176 -425 25
sphere
499 406 -337 25
sphere
373 485 -446 25
sphere
317 495 -362 25
sphere
257 5 -145 25
sphere
496 63 -500 25
sphere
459 355 -29 25
sphere
167 495 -315 25
sphere
51 333 -342 25
sphere
355 11 -67 25
sphere
99 95 -235 25
sphere
0 14 -429 25
sphere
419 297 -414 25
sphere
386 68 -8 25
sphere
404 221 -155 25
sphere
228 419 -491 25
sphere
442 90 -234 25
sphere
486 231 -379 25
sphere
249 212 -292 25
sphere
181 357 -354 25
sphere
487 58 -32 25
sphere
489 22 -290 25
sphere
410 3 -62 25
sphere
98 500 -189 25
sphere
8 310 -410 25
sphere
173 60 -452 25
sphere
5 84 -297 25
sphere
252 466 -190 25
sphere
77 483 -104 25
sphere
494 168 -224 25
sphere
228 368 -351 25
sphere
287 375 -43 25
sphere
423 107 -42 25
sphere
134 372 -124 25
sphere
500 440 -285 25
sphere
190 350 -10 25
sphere
249 209 -425 25
sphere
456 362 -194 25
sphere
238 135 -143 25
sphere
76 369 -382 25
sphere
78 173 -296 25
sphere
307 257 -461 25
sphere
78 91 -187 25
sphere
294 61 -22 25
sphere
32 298 -323 25
save
ball_pit.png